1,63,71,0
44,1362,496,19
5,205,1213,61
18,638,654,76
64,2087,370,173
89,2630,630,211
15,528,157,344
77,2315,315,391
53,1551,654,424
102,3087,69,570
3,142,370,732
91,2756,69,791
62,1913,630,819
65,2118,1276,908
14,512,1213,909
75,2315,654,1027
10,362,69,1088
58,1614,654,1234
28,709,315,1332
73,2276,496,1380
79,2346,315,1608
88,2559,1213,1627
24,677,496,1670
55,1551,291,1797
39,1228,1213,1853
69,2220,630,2187
97,2937,69,2263
85,2480,142,2371
72,2276,315,2406
38,1197,1276,2461
49,1417,173,2505
87,2528,1276,2594
76,2315,496,2601
78,2331,142,2693
35,921,1213,2721
7,244,69,2867
25,677,654,3150
63,1921,732,3247
100,3016,1276,3279
12,449,370,3537
11,394,69,3913
37,1000,732,4100
29,701,142,4160
105,1780,370,4294
82,2362,142,4507
16,583,630,4556
60,1811,1276,4754
41,1299,630,5329
4,173,1276,5532
19,638,496,5637
98,2937,630,5645
54,1551,496,5782
27,709,496,5876
84,2402,220,5940
46,1425,654,6473
21,638,142,6512
50,1488,291,6684
20,638,314,7004
51,1488,496,7104
22,669,142,7167
59,1732,189,7298
101,3055,69,7354
26,709,654,7365
33,858,370,7573
45,1362,291,7706
57,1614,496,7778
36,992,630,7932
90,2638,732,7964
71,2244,142,8019
93,2803,370,8060
104,1165,370,8105
56,1614,291,8140
9,283,732,8207
17,591,732,8394
13,480,1276,8504
94,2835,1276,8594
96,2906,69,8766
8,276,630,8817
42,1307,732,8943
31,811,189,9008
103,606,220,9012
52,1488,654,9060
81,2346,654,9093
6,213,69,9126
92,2787,69,9185
68,2220,189,9219
83,2402,157,9267
47,1425,496,9290
86,2496,370,9322
67,2189,205,9337
30,764,220,9415
80,2346,496,9484
70,2228,732,9519
74,2276,654,9576
48,1425,291,9705
40,1276,205,9849
23,677,315,9968
66,2150,1213,10121
2,94,71,10517
43,1362,654,10548
61,1843,1213,10593
99,2945,732,10605
32,843,173,10770
34,890,1276,10789
95,2866,1213,11009
